# lambda=0.7 and 0.8 
#  z           H(z)       H   (z)
0.000000000000 1.000000000000 1.000000000000
0.050000000000 1.067654600041 1.081914516267
0.100000000000 1.113031838678 1.138807666285
0.150000000000 1.150343829255 1.186640082601
0.200000000000 1.182515785241 1.228638765535
0.250000000000 1.210934115182 1.266322487667
0.300000000000 1.236419324639 1.300588278432
0.350000000000 1.259517410773 1.332034056024
0.400000000000 1.280619201799 1.361089701705
0.450000000000 1.300018686516 1.388080645844
0.500000000000 1.317945063118 1.413262569404
0.550000000000 1.334581891862 1.436842021994
0.600000000000 1.350079291217 1.458989490017
0.650000000000 1.364562099754 1.479848112149
0.700000000000 1.378135560424 1.499539735980
0.750000000000 1.390889410612 1.518169271959
0.800000000000 1.402900906036 1.535827913162
0.850000000000 1.414237108074 1.552595573998
0.900000000000 1.424956647948 1.568542775462
0.950000000000 1.435111110390 1.583732128411
1.000000000000 1.444746134765 1.598219518533
