lambda=0.7 and 0.8

z    H(z)             H'(z)            H''(z)            H(z)             H'(z)            H''(z)           
0.00 1.00 000 000 000 +∞               -∞                1.00 000 000 000 +∞               -∞
0.05 1.06 765 459 763 1.02 824 967 897 -6.30 135 963 791 1.08 191 451 387 1.27 296 409 722 -7.04 906 473 873
0.10 1.11 303 183 363 0.81 242 9/5 773 -3.07 578 964 511 1.13 880 766 122 1.03 124 492 500 -3.45 623 074 369
0.15 1.15 034 382 426 0.68 874 451 241 -2.01 492 457 376 1.18 664 007 755 0.89 162 257 320 -2.28 802 662 369
0.20 1.18 251 578 032 0.60 251 668 656 -1.48 459 483 225 1.22 863 876 052 0.79 312 188 043 -1.70 750 363 922
0.25 1.21 093 411 034 0.53 686 922 642 -1.16 470 396 959 1.26 632 248 271 0.71 712 617 198 -1.35 787 550 572
0.30 1.23 641 931 989 0.48 432 333 059 -0.94 990 986 670 1.30 058 827 353 0.65 545 925 133 -1.12 266 114 861
0.35 1.25 951 740 611 0.44 088 479 902 -0.79 539 489 691 1.33 203 405 119 0.60 378 511 000 -0.95 268 611 431
0.40 1.28 061 919 723 0.40 415 667 958 -0.67 881 570 462 1.36 108 969 694 0.55 951 453 281 -0.82 361 329 609
0.45 1.30 001 868 203 0.37 258 057 685 -0.58 775 102 449 1.38 808 064 115 0.52 096 891 227 -0.72 200 200 214
0.50 1.31 794 505 873 0.34 508 242 096 -0.51 472 147 655 1.41 326 256 478 0.48 699 231 899 -0.63 980 466 634
0.55 1.33 458 188 756 0.32 088 847 890 -0.45 493 966 735 1.43 684 201 745 0.45 675 125 229 -0.57 189 357 312
0.60 1.35 007 928 700 0.29 942 177 823 -0.40 518 999 179 1.45 898 948 554 0.42 962 263 088 -0.51 483 596 663
0.65 1.36 456 209 562 0.28 024 004 272 -0.36 322 690 345 1.47 984 810 775 0.40 512 699 639 -0.46 623 964 741
0.70 1.37 813 555 637 0.26 299 652 441 -0.32 743 134 165 1.49 953 973 165 0.38 288 660 979 -0.42 438 129 044
0.75 1.39 088 940 664 0.24 741 425 778 -0.29 660 437 962 1.51 816 926 770 0.36 259 801 211 -0.38 798 437 139
0.80 1.40 290 090 214 0.23 326 852 356 -0.26 983 801 771 1.53 582 790 897 0.34 401 340 391 -0.35 608 079 480
0.85 1.41 423 710 425 0.22 037 454 631 -0.24 643 122 660 1.55 259 556 988 0.32 692 761 758 -0.32 792 138 973
0.90 1.42 495 664 420 0.20 857 864 121 -0.22 583 373 720 1.56 854 277 141 0.31 116 875 964 -0.30 291 622 940
0.95 1.43 511 110 671 0.19 775 170 117 -0.20 760 735 750 1.58 373 212 442 0.29 659 133 374 -0.28 059 370 541
1.00 1.44 474 613 115 0.18 778 431 276 -0.19 139 871 819 1.59 821 951 461 0.28 307 108 419 -0.26 057 177 876